Time (sec),decode_completion
2.8956372688990086,1
5.332793122855946,2
7.704460461856797,3
10.02201983705163,4
12.344158487860113,5
14.681347497040406,6
17.020232968963683,7
19.362198791932315,8
21.705839809961617,9
24.056440924061462,10
26.410290042869747,11
28.772343239048496,12
31.24396100989543,13
33.65349552407861,14
36.01645767292939,15
38.384523953078315,16
40.753826550906524,17
43.12780843791552,18
45.50199789786711,19
47.88008523895405,20
50.258873607963324,21
52.74683913285844,22
55.12982315896079,23
57.51471723802388,24
59.89768947986886,25
62.278729053912684,26
62.36214753007516,27
62.36214753007516,28
62.36214753007516,29
62.36214753007516,30
62.36214753007516,31
62.36214753007516,32
62.36214753007516,33
62.36214753007516,34
62.36214753007516,35
62.36214753007516,36
62.36214753007516,37
62.36214753007516,38
62.36214753007516,39
62.36214753007516,40
62.36214753007516,41
62.36214753007516,42
62.36214753007516,43
62.36214753007516,44
62.36214753007516,45
62.36214753007516,46
62.36214753007516,47
62.36214753007516,48
62.36214753007516,49
62.36214753007516,50
62.36214753007516,51
62.36214753007516,52
66.14997189701535,53
66.14997189701535,54
66.14997189701535,55
66.14997189701535,56
66.14997189701535,57
66.14997189701535,58
66.14997189701535,59
66.14997189701535,60
66.14997189701535,61
66.14997189701535,62
66.14997189701535,63
66.14997189701535,64
66.14997189701535,65
66.14997189701535,66
66.14997189701535,67
66.14997189701535,68
66.14997189701535,69
66.14997189701535,70
66.14997189701535,71
66.14997189701535,72
66.14997189701535,73
66.14997189701535,74
66.14997189701535,75
66.14997189701535,76
66.14997189701535,77
66.14997189701535,78
69.77567587792873,79
69.77567587792873,80
69.77567587792873,81
69.77567587792873,82
69.77567587792873,83
69.77567587792873,84
69.77567587792873,85
69.77567587792873,86
69.77567587792873,87
69.77567587792873,88
69.77567587792873,89
69.77567587792873,90
69.77567587792873,91
69.77567587792873,92
69.77567587792873,93
69.77567587792873,94
69.77567587792873,95
69.77567587792873,96
69.77567587792873,97
69.77567587792873,98
69.77567587792873,99
69.77567587792873,100
69.77567587792873,101
69.77567587792873,102
69.77567587792873,103
69.77567587792873,104
73.39863277599216,105
73.39863277599216,106
73.39863277599216,107
73.39863277599216,108
73.39863277599216,109
73.39863277599216,110
73.39863277599216,111
73.39863277599216,112
73.39863277599216,113
73.39863277599216,114
73.39863277599216,115
73.39863277599216,116
73.39863277599216,117
73.39863277599216,118
73.39863277599216,119
73.39863277599216,120
73.39863277599216,121
73.39863277599216,122
73.39863277599216,123
73.39863277599216,124
73.39863277599216,125
73.39863277599216,126
73.39863277599216,127
73.39863277599216,128
73.39863277599216,129
73.39863277599216,130
77.01581316301599,131
77.01581316301599,132
77.01581316301599,133
77.01581316301599,134
77.01581316301599,135
77.01581316301599,136
77.01581316301599,137
77.01581316301599,138
77.01581316301599,139
77.01581316301599,140
77.01581316301599,141
77.01581316301599,142
77.01581316301599,143
77.01581316301599,144
77.01581316301599,145
77.01581316301599,146
77.01581316301599,147
77.01581316301599,148
77.01581316301599,149
77.01581316301599,150
77.01581316301599,151
77.01581316301599,152
77.01581316301599,153
77.01581316301599,154
77.01581316301599,155
77.01581316301599,156
80.60585175594315,157
80.60585175594315,158
80.60585175594315,159
80.60585175594315,160
80.60585175594315,161
80.60585175594315,162
80.60585175594315,163
80.60585175594315,164
80.60585175594315,165
80.60585175594315,166
80.60585175594315,167
80.60585175594315,168
80.60585175594315,169
80.60585175594315,170
80.60585175594315,171
80.60585175594315,172
80.60585175594315,173
80.60585175594315,174
80.60585175594315,175
80.60585175594315,176
80.60585175594315,177
80.60585175594315,178
80.60585175594315,179
80.60585175594315,180
80.60585175594315,181
80.60585175594315,182
84.20765529805794,183
84.20765529805794,184
84.20765529805794,185
84.20765529805794,186
84.20765529805794,187
84.20765529805794,188
84.20765529805794,189
84.20765529805794,190
84.20765529805794,191
84.20765529805794,192
84.20765529805794,193
84.20765529805794,194
84.20765529805794,195
84.20765529805794,196
84.20765529805794,197
84.20765529805794,198
84.20765529805794,199
84.20765529805794,200
84.20765529805794,201
84.20765529805794,202
84.20765529805794,203
84.20765529805794,204
84.20765529805794,205
84.20765529805794,206
84.20765529805794,207
84.20765529805794,208
87.7911518800538,209
87.7911518800538,210
87.7911518800538,211
87.7911518800538,212
87.7911518800538,213
87.7911518800538,214
87.7911518800538,215
87.7911518800538,216
87.7911518800538,217
87.7911518800538,218
87.7911518800538,219
87.7911518800538,220
87.7911518800538,221
87.7911518800538,222
87.7911518800538,223
87.7911518800538,224
87.7911518800538,225
87.7911518800538,226
87.7911518800538,227
87.7911518800538,228
87.7911518800538,229
87.7911518800538,230
87.7911518800538,231
87.7911518800538,232
87.7911518800538,233
87.7911518800538,234
91.37459244090132,235
91.37459244090132,236
91.37459244090132,237
91.37459244090132,238
91.37459244090132,239
91.37459244090132,240
91.37459244090132,241
91.37459244090132,242
91.37459244090132,243
91.37459244090132,244
91.37459244090132,245
91.37459244090132,246
91.37459244090132,247
91.37459244090132,248
91.37459244090132,249
91.37459244090132,250
91.37459244090132,251
91.37459244090132,252
91.37459244090132,253
91.37459244090132,254
91.37459244090132,255
91.37459244090132,256
91.37459244090132,257
91.37459244090132,258
91.37459244090132,259
91.37459244090132,260
94.97104344703257,261
94.97104344703257,262
94.97104344703257,263
94.97104344703257,264
94.97104344703257,265
94.97104344703257,266
94.97104344703257,267
94.97104344703257,268
94.97104344703257,269
94.97104344703257,270
94.97104344703257,271
94.97104344703257,272
94.97104344703257,273
94.97104344703257,274
94.97104344703257,275
94.97104344703257,276
94.97104344703257,277
94.97104344703257,278
94.97104344703257,279
94.97104344703257,280
94.97104344703257,281
94.97104344703257,282
94.97104344703257,283
94.97104344703257,284
94.97104344703257,285
94.97104344703257,286
98.55865904595703,287
98.55865904595703,288
98.55865904595703,289
98.55865904595703,290
98.55865904595703,291
98.55865904595703,292
98.55865904595703,293
98.55865904595703,294
98.55865904595703,295
98.55865904595703,296
98.55865904595703,297
98.55865904595703,298
98.55865904595703,299
98.55865904595703,300
98.55865904595703,301
98.55865904595703,302
98.55865904595703,303
98.55865904595703,304
98.55865904595703,305
98.55865904595703,306
98.55865904595703,307
98.55865904595703,308
98.55865904595703,309
98.55865904595703,310
98.55865904595703,311
98.55865904595703,312
102.1585670649074,313
102.1585670649074,314
102.1585670649074,315
102.1585670649074,316
102.1585670649074,317
102.1585670649074,318
102.1585670649074,319
102.1585670649074,320
102.1585670649074,321
102.1585670649074,322
102.1585670649074,323
102.1585670649074,324
102.1585670649074,325
102.1585670649074,326
102.1585670649074,327
102.1585670649074,328
102.1585670649074,329
102.1585670649074,330
102.1585670649074,331
102.1585670649074,332
102.1585670649074,333
102.1585670649074,334
102.1585670649074,335
102.1585670649074,336
102.1585670649074,337
102.1585670649074,338
105.74927397887222,339
105.74927397887222,340
105.74927397887222,341
105.74927397887222,342
105.74927397887222,343
105.74927397887222,344
105.74927397887222,345
105.74927397887222,346
105.74927397887222,347
105.74927397887222,348
105.74927397887222,349
105.74927397887222,350
105.74927397887222,351
105.74927397887222,352
105.74927397887222,353
105.74927397887222,354
105.74927397887222,355
105.74927397887222,356
105.74927397887222,357
105.74927397887222,358
105.74927397887222,359
105.74927397887222,360
105.74927397887222,361
105.74927397887222,362
105.74927397887222,363
105.74927397887222,364
109.32450102106668,365
109.32450102106668,366
109.32450102106668,367
109.32450102106668,368
109.32450102106668,369
109.32450102106668,370
109.32450102106668,371
109.32450102106668,372
109.32450102106668,373
109.32450102106668,374
109.32450102106668,375
109.32450102106668,376
109.32450102106668,377
109.32450102106668,378
109.32450102106668,379
109.32450102106668,380
109.32450102106668,381
109.32450102106668,382
109.32450102106668,383
109.32450102106668,384
109.32450102106668,385
109.32450102106668,386
109.32450102106668,387
109.32450102106668,388
109.32450102106668,389
109.32450102106668,390
112.89987079589628,391
112.89987079589628,392
112.89987079589628,393
112.89987079589628,394
112.89987079589628,395
112.89987079589628,396
112.89987079589628,397
112.89987079589628,398
112.89987079589628,399
112.89987079589628,400
112.89987079589628,401
112.89987079589628,402
112.89987079589628,403
112.89987079589628,404
112.89987079589628,405
112.89987079589628,406
112.89987079589628,407
112.89987079589628,408
112.89987079589628,409
112.89987079589628,410
112.89987079589628,411
112.89987079589628,412
112.89987079589628,413
112.89987079589628,414
112.89987079589628,415
112.89987079589628,416
116.46746381395496,417
116.46746381395496,418
116.46746381395496,419
116.46746381395496,420
116.46746381395496,421
116.46746381395496,422
116.46746381395496,423
116.46746381395496,424
116.46746381395496,425
116.46746381395496,426
116.46746381395496,427
116.46746381395496,428
116.46746381395496,429
116.46746381395496,430
116.46746381395496,431
116.46746381395496,432
116.46746381395496,433
116.46746381395496,434
116.46746381395496,435
116.46746381395496,436
116.46746381395496,437
116.46746381395496,438
116.46746381395496,439
116.46746381395496,440
116.46746381395496,441
116.46746381395496,442
120.04747732193209,443
120.04747732193209,444
120.04747732193209,445
120.04747732193209,446
120.04747732193209,447
120.04747732193209,448
120.04747732193209,449
120.04747732193209,450
120.04747732193209,451
120.04747732193209,452
120.04747732193209,453
120.04747732193209,454
120.04747732193209,455
120.04747732193209,456
120.04747732193209,457
120.04747732193209,458
120.04747732193209,459
120.04747732193209,460
120.04747732193209,461
120.04747732193209,462
120.04747732193209,463
120.04747732193209,464
120.04747732193209,465
120.04747732193209,466
120.04747732193209,467
120.04747732193209,468
123.62366722500883,469
123.62366722500883,470
123.62366722500883,471
123.62366722500883,472
123.62366722500883,473
123.62366722500883,474
123.62366722500883,475
123.62366722500883,476
123.62366722500883,477
123.62366722500883,478
123.62366722500883,479
123.62366722500883,480
123.62366722500883,481
123.62366722500883,482
123.62366722500883,483
123.62366722500883,484
123.62366722500883,485
123.62366722500883,486
123.62366722500883,487
123.62366722500883,488
123.62366722500883,489
123.62366722500883,490
123.62366722500883,491
123.62366722500883,492
123.62366722500883,493
123.62366722500883,494
127.20303012989461,495
127.20303012989461,496
127.20303012989461,497
127.20303012989461,498
127.20303012989461,499
127.20303012989461,500
127.20303012989461,501
127.20303012989461,502
127.20303012989461,503
127.20303012989461,504
127.20303012989461,505
127.20303012989461,506
127.20303012989461,507
127.20303012989461,508
127.20303012989461,509
127.20303012989461,510
127.20303012989461,511
127.20303012989461,512
127.20303012989461,513
127.20303012989461,514
127.20303012989461,515
127.20303012989461,516
127.20303012989461,517
127.20303012989461,518
127.20303012989461,519
127.20303012989461,520
130.76971262786537,521
130.76971262786537,522
130.76971262786537,523
130.76971262786537,524
130.76971262786537,525
130.76971262786537,526
130.76971262786537,527
130.76971262786537,528
130.76971262786537,529
130.76971262786537,530
130.76971262786537,531
130.76971262786537,532
130.76971262786537,533
130.76971262786537,534
130.76971262786537,535
130.76971262786537,536
130.76971262786537,537
130.76971262786537,538
130.76971262786537,539
130.76971262786537,540
130.76971262786537,541
130.76971262786537,542
130.76971262786537,543
130.76971262786537,544
130.76971262786537,545
130.76971262786537,546
134.33760802587494,547
134.33760802587494,548
134.33760802587494,549
134.33760802587494,550
134.33760802587494,551
134.33760802587494,552
134.33760802587494,553
134.33760802587494,554
134.33760802587494,555
134.33760802587494,556
134.33760802587494,557
134.33760802587494,558
134.33760802587494,559
134.33760802587494,560
134.33760802587494,561
134.33760802587494,562
134.33760802587494,563
134.33760802587494,564
134.33760802587494,565
134.33760802587494,566
134.33760802587494,567
134.33760802587494,568
134.33760802587494,569
134.33760802587494,570
134.33760802587494,571
134.33760802587494,572
137.9205858730711,573
137.9205858730711,574
137.9205858730711,575
137.9205858730711,576
137.9205858730711,577
137.9205858730711,578
137.9205858730711,579
137.9205858730711,580
137.9205858730711,581
137.9205858730711,582
137.9205858730711,583
137.9205858730711,584
137.9205858730711,585
137.9205858730711,586
137.9205858730711,587
137.9205858730711,588
137.9205858730711,589
137.9205858730711,590
137.9205858730711,591
137.9205858730711,592
137.9205858730711,593
137.9205858730711,594
137.9205858730711,595
137.9205858730711,596
137.9205858730711,597
137.9205858730711,598
141.5119127340149,599
141.5119127340149,600
141.5119127340149,601
141.5119127340149,602
141.5119127340149,603
141.5119127340149,604
141.5119127340149,605
141.5119127340149,606
141.5119127340149,607
141.5119127340149,608
141.5119127340149,609
141.5119127340149,610
141.5119127340149,611
141.5119127340149,612
141.5119127340149,613
141.5119127340149,614
141.5119127340149,615
141.5119127340149,616
141.5119127340149,617
141.5119127340149,618
141.5119127340149,619
141.5119127340149,620
141.5119127340149,621
141.5119127340149,622
141.5119127340149,623
141.5119127340149,624
145.0804184449371,625
145.0804184449371,626
145.0804184449371,627
145.0804184449371,628
145.0804184449371,629
145.0804184449371,630
145.0804184449371,631
145.0804184449371,632
145.0804184449371,633
145.0804184449371,634
145.0804184449371,635
145.0804184449371,636
145.0804184449371,637
145.0804184449371,638
145.0804184449371,639
145.0804184449371,640
145.0804184449371,641
145.0804184449371,642
145.0804184449371,643
145.0804184449371,644
145.0804184449371,645
145.0804184449371,646
145.0804184449371,647
145.0804184449371,648
145.0804184449371,649
145.0804184449371,650
148.66773066087626,651
148.66773066087626,652
148.66773066087626,653
148.66773066087626,654
148.66773066087626,655
148.66773066087626,656
148.66773066087626,657
148.66773066087626,658
148.66773066087626,659
148.66773066087626,660
148.66773066087626,661
148.66773066087626,662
148.66773066087626,663
148.66773066087626,664
148.66773066087626,665
148.66773066087626,666
148.66773066087626,667
148.66773066087626,668
148.66773066087626,669
148.66773066087626,670
148.66773066087626,671
148.66773066087626,672
148.66773066087626,673
148.66773066087626,674
148.66773066087626,675
148.66773066087626,676
152.25182320992462,677
152.25182320992462,678
152.25182320992462,679
152.25182320992462,680
152.25182320992462,681
152.25182320992462,682
152.25182320992462,683
152.25182320992462,684
152.25182320992462,685
152.25182320992462,686
152.25182320992462,687
152.25182320992462,688
152.25182320992462,689
152.25182320992462,690
152.25182320992462,691
152.25182320992462,692
152.25182320992462,693
152.25182320992462,694
152.25182320992462,695
152.25182320992462,696
152.25182320992462,697
152.25182320992462,698
152.25182320992462,699
152.25182320992462,700
152.25182320992462,701
152.25182320992462,702
155.84844465903006,703
155.84844465903006,704
155.84844465903006,705
155.84844465903006,706
155.84844465903006,707
155.84844465903006,708
155.84844465903006,709
155.84844465903006,710
155.84844465903006,711
155.84844465903006,712
155.84844465903006,713
155.84844465903006,714
155.84844465903006,715
155.84844465903006,716
155.84844465903006,717
155.84844465903006,718
155.84844465903006,719
155.84844465903006,720
155.84844465903006,721
155.84844465903006,722
155.84844465903006,723
155.84844465903006,724
155.84844465903006,725
155.84844465903006,726
155.84844465903006,727
155.84844465903006,728
159.42384782386944,729
159.42384782386944,730
159.42384782386944,731
159.42384782386944,732
159.42384782386944,733
159.42384782386944,734
159.42384782386944,735
159.42384782386944,736
159.42384782386944,737
159.42384782386944,738
159.42384782386944,739
159.42384782386944,740
159.42384782386944,741
159.42384782386944,742
159.42384782386944,743
159.42384782386944,744
159.42384782386944,745
159.42384782386944,746
159.42384782386944,747
159.42384782386944,748
159.42384782386944,749
159.42384782386944,750
159.42384782386944,751
159.42384782386944,752
159.42384782386944,753
159.42384782386944,754
162.99219363601878,755
162.99219363601878,756
162.99219363601878,757
162.99219363601878,758
162.99219363601878,759
162.99219363601878,760
162.99219363601878,761
162.99219363601878,762
162.99219363601878,763
162.99219363601878,764
162.99219363601878,765
162.99219363601878,766
162.99219363601878,767
162.99219363601878,768
162.99219363601878,769
162.99219363601878,770
162.99219363601878,771
162.99219363601878,772
162.99219363601878,773
162.99219363601878,774
162.99219363601878,775
162.99219363601878,776
162.99219363601878,777
162.99219363601878,778
162.99219363601878,779
162.99219363601878,780
166.56440861197188,781
166.56440861197188,782
166.56440861197188,783
166.56440861197188,784
166.56440861197188,785
166.56440861197188,786
166.56440861197188,787
166.56440861197188,788
166.56440861197188,789
166.56440861197188,790
166.56440861197188,791
166.56440861197188,792
166.56440861197188,793
166.56440861197188,794
166.56440861197188,795
166.56440861197188,796
166.56440861197188,797
166.56440861197188,798
166.56440861197188,799
166.56440861197188,800
166.56440861197188,801
166.56440861197188,802
166.56440861197188,803
166.56440861197188,804
166.56440861197188,805
166.56440861197188,806
170.1503296410665,807
170.1503296410665,808
170.1503296410665,809
170.1503296410665,810
170.1503296410665,811
170.1503296410665,812
170.1503296410665,813
170.1503296410665,814
170.1503296410665,815
170.1503296410665,816
170.1503296410665,817
170.1503296410665,818
170.1503296410665,819
170.1503296410665,820
170.1503296410665,821
170.1503296410665,822
170.1503296410665,823
170.1503296410665,824
170.1503296410665,825
170.1503296410665,826
170.1503296410665,827
170.1503296410665,828
170.1503296410665,829
170.1503296410665,830
170.1503296410665,831
170.1503296410665,832
173.7228549469728,833
173.7228549469728,834
173.7228549469728,835
173.7228549469728,836
173.7228549469728,837
173.7228549469728,838
173.7228549469728,839
173.7228549469728,840
173.7228549469728,841
173.7228549469728,842
173.7228549469728,843
173.7228549469728,844
173.7228549469728,845
173.7228549469728,846
173.7228549469728,847
173.7228549469728,848
173.7228549469728,849
173.7228549469728,850
173.7228549469728,851
173.7228549469728,852
173.7228549469728,853
173.7228549469728,854
173.7228549469728,855
173.7228549469728,856
173.7228549469728,857
173.7228549469728,858
177.30308542703278,859
177.30308542703278,860
177.30308542703278,861
177.30308542703278,862
177.30308542703278,863
177.30308542703278,864
177.30308542703278,865
177.30308542703278,866
177.30308542703278,867
177.30308542703278,868
177.30308542703278,869
177.30308542703278,870
177.30308542703278,871
177.30308542703278,872
177.30308542703278,873
177.30308542703278,874
177.30308542703278,875
177.30308542703278,876
177.30308542703278,877
177.30308542703278,878
177.30308542703278,879
177.30308542703278,880
177.30308542703278,881
177.30308542703278,882
177.30308542703278,883
177.30308542703278,884
180.87779101193883,885
180.87779101193883,886
180.87779101193883,887
180.87779101193883,888
180.87779101193883,889
180.87779101193883,890
180.87779101193883,891
180.87779101193883,892
180.87779101193883,893
180.87779101193883,894
180.87779101193883,895
180.87779101193883,896
180.87779101193883,897
180.87779101193883,898
180.87779101193883,899
180.87779101193883,900
180.87779101193883,901
180.87779101193883,902
180.87779101193883,903
180.87779101193883,904
180.87779101193883,905
180.87779101193883,906
180.87779101193883,907
180.87779101193883,908
180.87779101193883,909
180.87779101193883,910
184.44909481308423,911
184.44909481308423,912
184.44909481308423,913
184.44909481308423,914
184.44909481308423,915
184.44909481308423,916
184.44909481308423,917
184.44909481308423,918
184.44909481308423,919
184.44909481308423,920
184.44909481308423,921
184.44909481308423,922
184.44909481308423,923
184.44909481308423,924
184.44909481308423,925
184.44909481308423,926
184.44909481308423,927
184.44909481308423,928
184.44909481308423,929
184.44909481308423,930
184.44909481308423,931
184.44909481308423,932
184.44909481308423,933
184.44909481308423,934
184.44909481308423,935
184.44909481308423,936
188.02014578692615,937
188.02014578692615,938
188.02014578692615,939
188.02014578692615,940
188.02014578692615,941
188.02014578692615,942
188.02014578692615,943
188.02014578692615,944
188.02014578692615,945
188.02014578692615,946
188.02014578692615,947
188.02014578692615,948
188.02014578692615,949
188.02014578692615,950
188.02014578692615,951
188.02014578692615,952
188.02014578692615,953
188.02014578692615,954
188.02014578692615,955
188.02014578692615,956
188.02014578692615,957
188.02014578692615,958
188.02014578692615,959
188.02014578692615,960
188.02014578692615,961
188.02014578692615,962
191.5827260359656,963
191.5827260359656,964
191.5827260359656,965
191.5827260359656,966
191.5827260359656,967
191.5827260359656,968
191.5827260359656,969
191.5827260359656,970
191.5827260359656,971
191.5827260359656,972
191.5827260359656,973
191.5827260359656,974
191.5827260359656,975
191.5827260359656,976
191.5827260359656,977
191.5827260359656,978
191.5827260359656,979
191.5827260359656,980
191.5827260359656,981
191.5827260359656,982
191.5827260359656,983
191.5827260359656,984
191.5827260359656,985
191.5827260359656,986
191.5827260359656,987
191.5827260359656,988
195.15324162691832,989
195.15324162691832,990
195.15324162691832,991
195.15324162691832,992
195.15324162691832,993
195.15324162691832,994
195.15324162691832,995
195.15324162691832,996
195.15324162691832,997
195.15324162691832,998
195.15324162691832,999
195.15324162691832,1000
195.15324162691832,1001
195.15324162691832,1002
195.15324162691832,1003
195.15324162691832,1004
195.15324162691832,1005
195.15324162691832,1006
195.15324162691832,1007
195.15324162691832,1008
195.15324162691832,1009
195.15324162691832,1010
195.15324162691832,1011
195.15324162691832,1012
195.15324162691832,1013
195.15324162691832,1014
198.72320926794782,1015
198.72320926794782,1016
198.72320926794782,1017
198.72320926794782,1018
198.72320926794782,1019
198.72320926794782,1020
198.72320926794782,1021
198.72320926794782,1022
198.72320926794782,1023
198.72320926794782,1024
198.72320926794782,1025
198.72320926794782,1026
198.72320926794782,1027
198.72320926794782,1028
198.72320926794782,1029
198.72320926794782,1030
198.72320926794782,1031
198.72320926794782,1032
198.72320926794782,1033
198.72320926794782,1034
198.72320926794782,1035
198.72320926794782,1036
198.72320926794782,1037
198.72320926794782,1038
198.72320926794782,1039
198.72320926794782,1040
202.30396764306352,1041
202.30396764306352,1042
202.30396764306352,1043
202.30396764306352,1044
202.30396764306352,1045
202.30396764306352,1046
202.30396764306352,1047
202.30396764306352,1048
202.30396764306352,1049
202.30396764306352,1050
202.30396764306352,1051
202.30396764306352,1052
202.30396764306352,1053
202.30396764306352,1054
202.30396764306352,1055
202.30396764306352,1056
202.30396764306352,1057
202.30396764306352,1058
202.30396764306352,1059
202.30396764306352,1060
202.30396764306352,1061
202.30396764306352,1062
202.30396764306352,1063
202.30396764306352,1064
202.30396764306352,1065
202.30396764306352,1066
205.8563898759894,1067
205.8563898759894,1068
205.8563898759894,1069
205.8563898759894,1070
205.8563898759894,1071
205.8563898759894,1072
205.8563898759894,1073
205.8563898759894,1074
205.8563898759894,1075
205.8563898759894,1076
205.8563898759894,1077
205.8563898759894,1078
205.8563898759894,1079
205.8563898759894,1080
205.8563898759894,1081
205.8563898759894,1082
205.8563898759894,1083
205.8563898759894,1084
205.8563898759894,1085
205.8563898759894,1086
205.8563898759894,1087
205.8563898759894,1088
205.8563898759894,1089
205.8563898759894,1090
205.8563898759894,1091
205.8563898759894,1092
209.4370182128623,1093
209.4370182128623,1094
209.4370182128623,1095
209.4370182128623,1096
209.4370182128623,1097
209.4370182128623,1098
209.4370182128623,1099
209.4370182128623,1100
209.4370182128623,1101
209.4370182128623,1102
209.4370182128623,1103
209.4370182128623,1104
209.4370182128623,1105
209.4370182128623,1106
209.4370182128623,1107
209.4370182128623,1108
209.4370182128623,1109
209.4370182128623,1110
209.4370182128623,1111
209.4370182128623,1112
209.4370182128623,1113
209.4370182128623,1114
209.4370182128623,1115
209.4370182128623,1116
209.4370182128623,1117
209.4370182128623,1118
213.01345599698834,1119
213.01345599698834,1120
213.01345599698834,1121
213.01345599698834,1122
213.01345599698834,1123
213.01345599698834,1124
213.01345599698834,1125
213.01345599698834,1126
213.01345599698834,1127
213.01345599698834,1128
213.01345599698834,1129
213.01345599698834,1130
213.01345599698834,1131
213.01345599698834,1132
213.01345599698834,1133
213.01345599698834,1134
213.01345599698834,1135
213.01345599698834,1136
213.01345599698834,1137
213.01345599698834,1138
213.01345599698834,1139
213.01345599698834,1140
213.01345599698834,1141
213.01345599698834,1142
213.01345599698834,1143
213.01345599698834,1144
216.59190298593603,1145
216.59190298593603,1146
216.59190298593603,1147
216.59190298593603,1148
216.59190298593603,1149
216.59190298593603,1150
216.59190298593603,1151
216.59190298593603,1152
216.59190298593603,1153
216.59190298593603,1154
216.59190298593603,1155
216.59190298593603,1156
216.59190298593603,1157
216.59190298593603,1158
216.59190298593603,1159
216.59190298593603,1160
216.59190298593603,1161
216.59190298593603,1162
216.59190298593603,1163
216.59190298593603,1164
216.59190298593603,1165
216.59190298593603,1166
216.59190298593603,1167
216.59190298593603,1168
216.59190298593603,1169
216.59190298593603,1170
220.17687197006308,1171
220.17687197006308,1172
220.17687197006308,1173
220.17687197006308,1174
220.17687197006308,1175
220.17687197006308,1176
220.17687197006308,1177
220.17687197006308,1178
220.17687197006308,1179
220.17687197006308,1180
220.17687197006308,1181
220.17687197006308,1182
220.17687197006308,1183
220.17687197006308,1184
220.17687197006308,1185
220.17687197006308,1186
220.17687197006308,1187
220.17687197006308,1188
220.17687197006308,1189
220.17687197006308,1190
220.17687197006308,1191
220.17687197006308,1192
220.17687197006308,1193
220.17687197006308,1194
220.17687197006308,1195
220.17687197006308,1196
223.78007771307603,1197
223.78007771307603,1198
223.78007771307603,1199
223.78007771307603,1200
223.78007771307603,1201
223.78007771307603,1202
223.78007771307603,1203
223.78007771307603,1204
223.78007771307603,1205
223.78007771307603,1206
223.78007771307603,1207
223.78007771307603,1208
223.78007771307603,1209
223.78007771307603,1210
223.78007771307603,1211
223.78007771307603,1212
223.78007771307603,1213
223.78007771307603,1214
223.78007771307603,1215
223.78007771307603,1216
223.78007771307603,1217
223.78007771307603,1218
223.78007771307603,1219
223.78007771307603,1220
223.78007771307603,1221
223.78007771307603,1222
227.55486014392227,1223
227.55486014392227,1224
227.55486014392227,1225
227.55486014392227,1226
227.55486014392227,1227
227.55486014392227,1228
227.55486014392227,1229
227.55486014392227,1230
227.55486014392227,1231
227.55486014392227,1232
227.55486014392227,1233
227.55486014392227,1234
227.55486014392227,1235
227.55486014392227,1236
227.55486014392227,1237
227.55486014392227,1238
227.55486014392227,1239
227.55486014392227,1240
227.55486014392227,1241
227.55486014392227,1242
227.55486014392227,1243
227.55486014392227,1244
227.55486014392227,1245
227.55486014392227,1246
227.55486014392227,1247
227.55486014392227,1248
231.1559183159843,1249
231.1559183159843,1250
231.1559183159843,1251
231.1559183159843,1252
231.1559183159843,1253
231.1559183159843,1254
231.1559183159843,1255
231.1559183159843,1256
231.1559183159843,1257
231.1559183159843,1258
231.1559183159843,1259
231.1559183159843,1260
231.1559183159843,1261
231.1559183159843,1262
231.1559183159843,1263
231.1559183159843,1264
231.1559183159843,1265
231.1559183159843,1266
231.1559183159843,1267
231.1559183159843,1268
231.1559183159843,1269
231.1559183159843,1270
231.1559183159843,1271
231.1559183159843,1272
231.1559183159843,1273
231.1559183159843,1274
234.71838420792483,1275
234.71838420792483,1276
234.71838420792483,1277
234.71838420792483,1278
234.71838420792483,1279
234.71838420792483,1280
234.71838420792483,1281
234.71838420792483,1282
234.71838420792483,1283
234.71838420792483,1284
234.71838420792483,1285
234.71838420792483,1286
234.71838420792483,1287
234.71838420792483,1288
234.71838420792483,1289
234.71838420792483,1290
234.71838420792483,1291
234.71838420792483,1292
234.71838420792483,1293
234.71838420792483,1294
234.71838420792483,1295
234.71838420792483,1296
234.71838420792483,1297
234.71838420792483,1298
234.71838420792483,1299
234.71838420792483,1300
238.29746812791564,1301
238.29746812791564,1302
238.29746812791564,1303
238.29746812791564,1304
238.29746812791564,1305
238.29746812791564,1306
238.29746812791564,1307
238.29746812791564,1308
238.29746812791564,1309
238.29746812791564,1310
238.29746812791564,1311
238.29746812791564,1312
238.29746812791564,1313
238.29746812791564,1314
238.29746812791564,1315
238.29746812791564,1316
238.29746812791564,1317
238.29746812791564,1318
238.29746812791564,1319
238.29746812791564,1320
238.29746812791564,1321
238.29746812791564,1322
238.29746812791564,1323
238.29746812791564,1324
238.29746812791564,1325
238.29746812791564,1326
241.861683906056,1327
241.861683906056,1328
241.861683906056,1329
241.861683906056,1330
241.861683906056,1331
241.861683906056,1332
241.861683906056,1333
241.861683906056,1334
241.861683906056,1335
241.861683906056,1336
241.861683906056,1337
241.861683906056,1338
241.861683906056,1339
241.861683906056,1340
241.861683906056,1341
241.861683906056,1342
241.861683906056,1343
241.861683906056,1344
241.861683906056,1345
241.861683906056,1346
241.861683906056,1347
241.861683906056,1348
241.861683906056,1349
241.861683906056,1350
241.861683906056,1351
241.861683906056,1352
245.43521167500876,1353
245.43521167500876,1354
245.43521167500876,1355
245.43521167500876,1356
245.43521167500876,1357
245.43521167500876,1358
245.43521167500876,1359
245.43521167500876,1360
245.43521167500876,1361
245.43521167500876,1362
245.43521167500876,1363
245.43521167500876,1364
245.43521167500876,1365
245.43521167500876,1366
245.43521167500876,1367
245.43521167500876,1368
245.43521167500876,1369
245.43521167500876,1370
245.43521167500876,1371
245.43521167500876,1372
245.43521167500876,1373
245.43521167500876,1374
245.43521167500876,1375
245.43521167500876,1376
245.43521167500876,1377
245.43521167500876,1378
248.99678818392567,1379
248.99678818392567,1380
248.99678818392567,1381
248.99678818392567,1382
248.99678818392567,1383
248.99678818392567,1384
248.99678818392567,1385
248.99678818392567,1386
248.99678818392567,1387
248.99678818392567,1388
248.99678818392567,1389
248.99678818392567,1390
248.99678818392567,1391
248.99678818392567,1392
248.99678818392567,1393
248.99678818392567,1394
248.99678818392567,1395
248.99678818392567,1396
248.99678818392567,1397
248.99678818392567,1398
248.99678818392567,1399
248.99678818392567,1400
248.99678818392567,1401
248.99678818392567,1402
248.99678818392567,1403
248.99678818392567,1404
252.56492915097624,1405
252.56492915097624,1406
252.56492915097624,1407
252.56492915097624,1408
252.56492915097624,1409
252.56492915097624,1410
252.56492915097624,1411
252.56492915097624,1412
252.56492915097624,1413
252.56492915097624,1414
252.56492915097624,1415
252.56492915097624,1416
252.56492915097624,1417
252.56492915097624,1418
252.56492915097624,1419
252.56492915097624,1420
252.56492915097624,1421
252.56492915097624,1422
252.56492915097624,1423
252.56492915097624,1424
252.56492915097624,1425
252.56492915097624,1426
252.56492915097624,1427
252.56492915097624,1428
252.56492915097624,1429
252.56492915097624,1430
256.13986972300336,1431
256.13986972300336,1432
256.13986972300336,1433
256.13986972300336,1434
256.13986972300336,1435
256.13986972300336,1436
256.13986972300336,1437
256.13986972300336,1438
256.13986972300336,1439
256.13986972300336,1440
256.13986972300336,1441
256.13986972300336,1442
256.13986972300336,1443
256.13986972300336,1444
256.13986972300336,1445
256.13986972300336,1446
256.13986972300336,1447
256.13986972300336,1448
256.13986972300336,1449
256.13986972300336,1450
256.13986972300336,1451
256.13986972300336,1452
256.13986972300336,1453
256.13986972300336,1454
256.13986972300336,1455
256.13986972300336,1456
259.686930838041,1457
259.686930838041,1458
259.686930838041,1459
259.686930838041,1460
259.686930838041,1461
259.686930838041,1462
259.686930838041,1463
259.686930838041,1464
259.686930838041,1465
259.686930838041,1466
259.686930838041,1467
259.686930838041,1468
259.686930838041,1469
259.686930838041,1470
259.686930838041,1471
259.686930838041,1472
259.686930838041,1473
259.686930838041,1474
259.686930838041,1475
259.686930838041,1476
259.686930838041,1477
259.686930838041,1478
259.686930838041,1479
259.686930838041,1480
259.686930838041,1481
259.686930838041,1482
263.2314955680631,1483
263.2314955680631,1484
263.2314955680631,1485
263.2314955680631,1486
263.2314955680631,1487
263.2314955680631,1488
263.2314955680631,1489
263.2314955680631,1490
263.2314955680631,1491
263.2314955680631,1492
263.2314955680631,1493
263.2314955680631,1494
263.2314955680631,1495
263.2314955680631,1496
263.2314955680631,1497
263.2314955680631,1498
263.2314955680631,1499
263.2314955680631,1500
263.2314955680631,1501
263.2314955680631,1502
263.2314955680631,1503
263.2314955680631,1504
263.2314955680631,1505
263.2314955680631,1506
263.2314955680631,1507
263.2314955680631,1508
266.7884966400452,1509
266.7884966400452,1510
266.7884966400452,1511
266.7884966400452,1512
266.7884966400452,1513
266.7884966400452,1514
266.7884966400452,1515
266.7884966400452,1516
266.7884966400452,1517
266.7884966400452,1518
266.7884966400452,1519
266.7884966400452,1520
266.7884966400452,1521
266.7884966400452,1522
266.7884966400452,1523
266.7884966400452,1524
266.7884966400452,1525
266.7884966400452,1526
266.7884966400452,1527
266.7884966400452,1528
266.7884966400452,1529
266.7884966400452,1530
266.7884966400452,1531
266.7884966400452,1532
266.7884966400452,1533
266.7884966400452,1534
270.37150687607937,1535
270.37150687607937,1536
270.37150687607937,1537
270.37150687607937,1538
270.37150687607937,1539
270.37150687607937,1540
270.37150687607937,1541
270.37150687607937,1542
270.37150687607937,1543
270.37150687607937,1544
270.37150687607937,1545
270.37150687607937,1546
270.37150687607937,1547
270.37150687607937,1548
270.37150687607937,1549
270.37150687607937,1550
270.37150687607937,1551
270.37150687607937,1552
270.37150687607937,1553
270.37150687607937,1554
270.37150687607937,1555
270.37150687607937,1556
270.37150687607937,1557
270.37150687607937,1558
270.37150687607937,1559
270.37150687607937,1560
273.93080892786384,1561
273.93080892786384,1562
273.93080892786384,1563
273.93080892786384,1564
273.93080892786384,1565
273.93080892786384,1566
273.93080892786384,1567
273.93080892786384,1568
273.93080892786384,1569
273.93080892786384,1570
273.93080892786384,1571
273.93080892786384,1572
273.93080892786384,1573
273.93080892786384,1574
273.93080892786384,1575
273.93080892786384,1576
273.93080892786384,1577
273.93080892786384,1578
273.93080892786384,1579
273.93080892786384,1580
273.93080892786384,1581
273.93080892786384,1582
273.93080892786384,1583
273.93080892786384,1584
273.93080892786384,1585
273.93080892786384,1586
277.48188981506974,1587
277.48188981506974,1588
277.48188981506974,1589
277.48188981506974,1590
277.48188981506974,1591
277.48188981506974,1592
277.48188981506974,1593
277.48188981506974,1594
277.48188981506974,1595
277.48188981506974,1596
277.48188981506974,1597
277.48188981506974,1598
277.48188981506974,1599
277.48188981506974,1600
277.48188981506974,1601
277.48188981506974,1602
277.48188981506974,1603
277.48188981506974,1604
277.48188981506974,1605
277.48188981506974,1606
277.48188981506974,1607
277.48188981506974,1608
277.48188981506974,1609
277.48188981506974,1610
277.48188981506974,1611
277.48188981506974,1612
281.0407948750071,1613
281.0407948750071,1614
281.0407948750071,1615
281.0407948750071,1616
281.0407948750071,1617
281.0407948750071,1618
281.0407948750071,1619
281.0407948750071,1620
281.0407948750071,1621
281.0407948750071,1622
281.0407948750071,1623
281.0407948750071,1624
281.0407948750071,1625
281.0407948750071,1626
281.0407948750071,1627
281.0407948750071,1628
281.0407948750071,1629
281.0407948750071,1630
281.0407948750071,1631
281.0407948750071,1632
281.0407948750071,1633
281.0407948750071,1634
281.0407948750071,1635
281.0407948750071,1636
281.0407948750071,1637
281.0407948750071,1638
284.6069359390531,1639
284.6069359390531,1640
284.6069359390531,1641
284.6069359390531,1642
284.6069359390531,1643
284.6069359390531,1644
284.6069359390531,1645
284.6069359390531,1646
284.6069359390531,1647
284.6069359390531,1648
284.6069359390531,1649
284.6069359390531,1650
284.6069359390531,1651
284.6069359390531,1652
284.6069359390531,1653
284.6069359390531,1654
284.6069359390531,1655
284.6069359390531,1656
284.6069359390531,1657
284.6069359390531,1658
284.6069359390531,1659
284.6069359390531,1660
284.6069359390531,1661
284.6069359390531,1662
284.6069359390531,1663
284.6069359390531,1664
288.2068512029946,1665
288.2068512029946,1666
288.2068512029946,1667
288.2068512029946,1668
288.2068512029946,1669
288.2068512029946,1670
288.2068512029946,1671
288.2068512029946,1672
288.2068512029946,1673
288.2068512029946,1674
288.2068512029946,1675
288.2068512029946,1676
288.2068512029946,1677
288.2068512029946,1678
288.2068512029946,1679
288.2068512029946,1680
288.2068512029946,1681
288.2068512029946,1682
288.2068512029946,1683
288.2068512029946,1684
288.2068512029946,1685
288.2068512029946,1686
288.2068512029946,1687
288.2068512029946,1688
288.2068512029946,1689
288.2068512029946,1690
291.80122779798694,1691
291.80122779798694,1692
291.80122779798694,1693
291.80122779798694,1694
291.80122779798694,1695
291.80122779798694,1696
291.80122779798694,1697
291.80122779798694,1698
291.80122779798694,1699
291.80122779798694,1700
291.80122779798694,1701
291.80122779798694,1702
291.80122779798694,1703
291.80122779798694,1704
291.80122779798694,1705
291.80122779798694,1706
291.80122779798694,1707
291.80122779798694,1708
291.80122779798694,1709
291.80122779798694,1710
291.80122779798694,1711
291.80122779798694,1712
291.80122779798694,1713
291.80122779798694,1714
291.80122779798694,1715
291.80122779798694,1716
295.39626423688605,1717
295.39626423688605,1718
295.39626423688605,1719
295.39626423688605,1720
295.39626423688605,1721
295.39626423688605,1722
295.39626423688605,1723
295.39626423688605,1724
295.39626423688605,1725
295.39626423688605,1726
295.39626423688605,1727
295.39626423688605,1728
295.39626423688605,1729
295.39626423688605,1730
295.39626423688605,1731
295.39626423688605,1732
295.39626423688605,1733
295.39626423688605,1734
295.39626423688605,1735
295.39626423688605,1736
295.39626423688605,1737
295.39626423688605,1738
295.39626423688605,1739
295.39626423688605,1740
295.39626423688605,1741
295.39626423688605,1742
297.6243124268949,1743
299.7696619660128,1744
301.91496997489594,1745
304.0656301039271,1746
306.21709324303083,1747
308.36856410093606,1748
310.5253977540415,1749
312.684971800074,1750
314.8469470308628,1751
317.0128016748931,1752
319.18078938592225,1753
321.35273099993356,1754
323.52539509907365,1755
325.6995409280062,1756
327.8761071609333,1757
330.0571914438624,1758
332.2365862869192,1759
334.423037545057,1760
336.607847092906,1761
338.79704387206584,1762
340.98792064003646,1763
343.1806098059751,1764
345.37171638198197,1765
347.5705205979757,1766
347.6139913769439,1767
347.6139913769439,1768
347.6139913769439,1769
347.6139913769439,1770
347.6139913769439,1771
347.6139913769439,1772
347.6139913769439,1773
347.6139913769439,1774
347.6139913769439,1775
347.6139913769439,1776
347.6139913769439,1777
347.6139913769439,1778
347.6139913769439,1779
347.6139913769439,1780
347.6139913769439,1781
347.6139913769439,1782
347.6139913769439,1783
347.6139913769439,1784
347.6139913769439,1785
347.6139913769439,1786
347.6139913769439,1787
347.6139913769439,1788
347.6139913769439,1789
347.6139913769439,1790
350.9399033389054,1791
350.9399033389054,1792
350.9399033389054,1793
350.9399033389054,1794
350.9399033389054,1795
350.9399033389054,1796
350.9399033389054,1797
350.9399033389054,1798
350.9399033389054,1799
350.9399033389054,1800
350.9399033389054,1801
350.9399033389054,1802
350.9399033389054,1803
350.9399033389054,1804
350.9399033389054,1805
350.9399033389054,1806
350.9399033389054,1807
350.9399033389054,1808
350.9399033389054,1809
350.9399033389054,1810
350.9399033389054,1811
350.9399033389054,1812
350.9399033389054,1813
350.9399033389054,1814
354.28889082488604,1815
354.28889082488604,1816
354.28889082488604,1817
354.28889082488604,1818
354.28889082488604,1819
354.28889082488604,1820
354.28889082488604,1821
354.28889082488604,1822
354.28889082488604,1823
354.28889082488604,1824
354.28889082488604,1825
354.28889082488604,1826
354.28889082488604,1827
354.28889082488604,1828
354.28889082488604,1829
354.28889082488604,1830
354.28889082488604,1831
354.28889082488604,1832
354.28889082488604,1833
354.28889082488604,1834
354.28889082488604,1835
354.28889082488604,1836
354.28889082488604,1837
354.28889082488604,1838
357.615553349955,1839
357.615553349955,1840
357.615553349955,1841
357.615553349955,1842
357.615553349955,1843
357.615553349955,1844
357.615553349955,1845
357.615553349955,1846
357.615553349955,1847
357.615553349955,1848
357.615553349955,1849
357.615553349955,1850
357.615553349955,1851
357.615553349955,1852
357.615553349955,1853
357.615553349955,1854
357.615553349955,1855
357.615553349955,1856
357.615553349955,1857
357.615553349955,1858
357.615553349955,1859
357.615553349955,1860
357.615553349955,1861
357.615553349955,1862
360.92763606389053,1863
360.92763606389053,1864
360.92763606389053,1865
360.92763606389053,1866
360.92763606389053,1867
360.92763606389053,1868
360.92763606389053,1869
360.92763606389053,1870
360.92763606389053,1871
360.92763606389053,1872
360.92763606389053,1873
360.92763606389053,1874
360.92763606389053,1875
360.92763606389053,1876
360.92763606389053,1877
360.92763606389053,1878
360.92763606389053,1879
360.92763606389053,1880
360.92763606389053,1881
360.92763606389053,1882
360.92763606389053,1883
360.92763606389053,1884
360.92763606389053,1885
360.92763606389053,1886
364.2369739199057,1887
364.2369739199057,1888
364.2369739199057,1889
364.2369739199057,1890
364.2369739199057,1891
364.2369739199057,1892
364.2369739199057,1893
364.2369739199057,1894
364.2369739199057,1895
364.2369739199057,1896
364.2369739199057,1897
364.2369739199057,1898
364.2369739199057,1899
364.2369739199057,1900
364.2369739199057,1901
364.2369739199057,1902
364.2369739199057,1903
364.2369739199057,1904
364.2369739199057,1905
364.2369739199057,1906
364.2369739199057,1907
364.2369739199057,1908
364.2369739199057,1909
364.2369739199057,1910
367.54864327795804,1911
367.54864327795804,1912
367.54864327795804,1913
367.54864327795804,1914
367.54864327795804,1915
367.54864327795804,1916
367.54864327795804,1917
367.54864327795804,1918
367.54864327795804,1919
367.54864327795804,1920
367.54864327795804,1921
367.54864327795804,1922
367.54864327795804,1923
367.54864327795804,1924
367.54864327795804,1925
367.54864327795804,1926
367.54864327795804,1927
367.54864327795804,1928
367.54864327795804,1929
367.54864327795804,1930
367.54864327795804,1931
367.54864327795804,1932
367.54864327795804,1933
367.54864327795804,1934
370.8770392918959,1935
370.8770392918959,1936
370.8770392918959,1937
370.8770392918959,1938
370.8770392918959,1939
370.8770392918959,1940
370.8770392918959,1941
370.8770392918959,1942
370.8770392918959,1943
370.8770392918959,1944
370.8770392918959,1945
370.8770392918959,1946
370.8770392918959,1947
370.8770392918959,1948
370.8770392918959,1949
370.8770392918959,1950
370.8770392918959,1951
370.8770392918959,1952
370.8770392918959,1953
370.8770392918959,1954
370.8770392918959,1955
370.8770392918959,1956
370.8770392918959,1957
370.8770392918959,1958
374.18297948897816,1959
374.18297948897816,1960
374.18297948897816,1961
374.18297948897816,1962
374.18297948897816,1963
374.18297948897816,1964
374.18297948897816,1965
374.18297948897816,1966
374.18297948897816,1967
374.18297948897816,1968
374.18297948897816,1969
374.18297948897816,1970
374.18297948897816,1971
374.18297948897816,1972
374.18297948897816,1973
374.18297948897816,1974
374.18297948897816,1975
374.18297948897816,1976
374.18297948897816,1977
374.18297948897816,1978
374.18297948897816,1979
374.18297948897816,1980
374.18297948897816,1981
374.18297948897816,1982
377.50863512186334,1983
377.50863512186334,1984
377.50863512186334,1985
377.50863512186334,1986
377.50863512186334,1987
377.50863512186334,1988
377.50863512186334,1989
377.50863512186334,1990
377.50863512186334,1991
377.50863512186334,1992
377.50863512186334,1993
377.50863512186334,1994
377.50863512186334,1995
377.50863512186334,1996
377.50863512186334,1997
377.50863512186334,1998
377.50863512186334,1999
377.50863512186334,2000
377.50863512186334,2001
377.50863512186334,2002
377.50863512186334,2003
377.50863512186334,2004
377.50863512186334,2005
377.50863512186334,2006
380.8237690408714,2007
380.8237690408714,2008
380.8237690408714,2009
380.8237690408714,2010
380.8237690408714,2011
380.8237690408714,2012
380.8237690408714,2013
380.8237690408714,2014
380.8237690408714,2015
380.8237690408714,2016
380.8237690408714,2017
380.8237690408714,2018
380.8237690408714,2019
380.8237690408714,2020
380.8237690408714,2021
380.8237690408714,2022
380.8237690408714,2023
380.8237690408714,2024
380.8237690408714,2025
380.8237690408714,2026
380.8237690408714,2027
380.8237690408714,2028
380.8237690408714,2029
380.8237690408714,2030
384.1312920670025,2031
384.1312920670025,2032
384.1312920670025,2033
384.1312920670025,2034
384.1312920670025,2035
384.1312920670025,2036
384.1312920670025,2037
384.1312920670025,2038
384.1312920670025,2039
384.1312920670025,2040
384.1312920670025,2041
384.1312920670025,2042
384.1312920670025,2043
384.1312920670025,2044
384.1312920670025,2045
384.1312920670025,2046
384.1312920670025,2047
384.1312920670025,2048
384.1312920670025,2049
384.1312920670025,2050
384.1312920670025,2051
384.1312920670025,2052
384.1312920670025,2053
384.1312920670025,2054
387.43587454990484,2055
387.43587454990484,2056
387.43587454990484,2057
387.43587454990484,2058
387.43587454990484,2059
387.43587454990484,2060
387.43587454990484,2061
387.43587454990484,2062
387.43587454990484,2063
387.43587454990484,2064
387.43587454990484,2065
387.43587454990484,2066
387.43587454990484,2067
387.43587454990484,2068
387.43587454990484,2069
387.43587454990484,2070
387.43587454990484,2071
387.43587454990484,2072
387.43587454990484,2073
387.43587454990484,2074
387.43587454990484,2075
387.43587454990484,2076
387.43587454990484,2077
387.43587454990484,2078
390.73736945097335,2079
390.73736945097335,2080
390.73736945097335,2081
390.73736945097335,2082
390.73736945097335,2083
390.73736945097335,2084
390.73736945097335,2085
390.73736945097335,2086
390.73736945097335,2087
390.73736945097335,2088
390.73736945097335,2089
390.73736945097335,2090
390.73736945097335,2091
390.73736945097335,2092
390.73736945097335,2093
390.73736945097335,2094
390.73736945097335,2095
390.73736945097335,2096
390.73736945097335,2097
390.73736945097335,2098
390.73736945097335,2099
390.73736945097335,2100
390.73736945097335,2101
390.73736945097335,2102
394.0482622280251,2103
394.0482622280251,2104
394.0482622280251,2105
394.0482622280251,2106
394.0482622280251,2107
394.0482622280251,2108
394.0482622280251,2109
394.0482622280251,2110
394.0482622280251,2111
394.0482622280251,2112
394.0482622280251,2113
394.0482622280251,2114
394.0482622280251,2115
394.0482622280251,2116
394.0482622280251,2117
394.0482622280251,2118
394.0482622280251,2119
394.0482622280251,2120
394.0482622280251,2121
394.0482622280251,2122
394.0482622280251,2123
394.0482622280251,2124
394.0482622280251,2125
394.0482622280251,2126
397.34754899004474,2127
397.34754899004474,2128
397.34754899004474,2129
397.34754899004474,2130
397.34754899004474,2131
397.34754899004474,2132
397.34754899004474,2133
397.34754899004474,2134
397.34754899004474,2135
397.34754899004474,2136
397.34754899004474,2137
397.34754899004474,2138
397.34754899004474,2139
397.34754899004474,2140
397.34754899004474,2141
397.34754899004474,2142
397.34754899004474,2143
397.34754899004474,2144
397.34754899004474,2145
397.34754899004474,2146
397.34754899004474,2147
397.34754899004474,2148
397.34754899004474,2149
397.34754899004474,2150
400.64696075906977,2151
400.64696075906977,2152
400.64696075906977,2153
400.64696075906977,2154
400.64696075906977,2155
400.64696075906977,2156
400.64696075906977,2157
400.64696075906977,2158
400.64696075906977,2159
400.64696075906977,2160
400.64696075906977,2161
400.64696075906977,2162
400.64696075906977,2163
400.64696075906977,2164
400.64696075906977,2165
400.64696075906977,2166
400.64696075906977,2167
400.64696075906977,2168
400.64696075906977,2169
400.64696075906977,2170
400.64696075906977,2171
400.64696075906977,2172
400.64696075906977,2173
400.64696075906977,2174
403.94785837689415,2175
403.94785837689415,2176
403.94785837689415,2177
403.94785837689415,2178
403.94785837689415,2179
403.94785837689415,2180
403.94785837689415,2181
403.94785837689415,2182
403.94785837689415,2183
403.94785837689415,2184
403.94785837689415,2185
403.94785837689415,2186
403.94785837689415,2187
403.94785837689415,2188
403.94785837689415,2189
403.94785837689415,2190
403.94785837689415,2191
403.94785837689415,2192
403.94785837689415,2193
403.94785837689415,2194
403.94785837689415,2195
403.94785837689415,2196
403.94785837689415,2197
403.94785837689415,2198
407.24923034990206,2199
407.24923034990206,2200
407.24923034990206,2201
407.24923034990206,2202
407.24923034990206,2203
407.24923034990206,2204
407.24923034990206,2205
407.24923034990206,2206
407.24923034990206,2207
407.24923034990206,2208
407.24923034990206,2209
407.24923034990206,2210
407.24923034990206,2211
407.24923034990206,2212
407.24923034990206,2213
407.24923034990206,2214
407.24923034990206,2215
407.24923034990206,2216
407.24923034990206,2217
407.24923034990206,2218
407.24923034990206,2219
407.24923034990206,2220
407.24923034990206,2221
407.24923034990206,2222
410.5578669558745,2223
410.5578669558745,2224
410.5578669558745,2225
410.5578669558745,2226
410.5578669558745,2227
410.5578669558745,2228
410.5578669558745,2229
410.5578669558745,2230
410.5578669558745,2231
410.5578669558745,2232
410.5578669558745,2233
410.5578669558745,2234
410.5578669558745,2235
410.5578669558745,2236
410.5578669558745,2237
410.5578669558745,2238
410.5578669558745,2239
410.5578669558745,2240
410.5578669558745,2241
410.5578669558745,2242
410.5578669558745,2243
410.5578669558745,2244
410.5578669558745,2245
410.5578669558745,2246
413.85051198792644,2247
413.85051198792644,2248
413.85051198792644,2249
413.85051198792644,2250
413.85051198792644,2251
413.85051198792644,2252
413.85051198792644,2253
413.85051198792644,2254
413.85051198792644,2255
413.85051198792644,2256
413.85051198792644,2257
413.85051198792644,2258
413.85051198792644,2259
413.85051198792644,2260
413.85051198792644,2261
413.85051198792644,2262
413.85051198792644,2263
413.85051198792644,2264
413.85051198792644,2265
413.85051198792644,2266
413.85051198792644,2267
413.85051198792644,2268
413.85051198792644,2269
413.85051198792644,2270
417.1412485020701,2271
417.1412485020701,2272
417.1412485020701,2273
417.1412485020701,2274
417.1412485020701,2275
417.1412485020701,2276
417.1412485020701,2277
417.1412485020701,2278
417.1412485020701,2279
417.1412485020701,2280
417.1412485020701,2281
417.1412485020701,2282
417.1412485020701,2283
417.1412485020701,2284
417.1412485020701,2285
417.1412485020701,2286
417.1412485020701,2287
417.1412485020701,2288
417.1412485020701,2289
417.1412485020701,2290
417.1412485020701,2291
417.1412485020701,2292
417.1412485020701,2293
417.1412485020701,2294
420.44637469085865,2295
420.44637469085865,2296
420.44637469085865,2297
420.44637469085865,2298
420.44637469085865,2299
420.44637469085865,2300
420.44637469085865,2301
420.44637469085865,2302
420.44637469085865,2303
420.44637469085865,2304
420.44637469085865,2305
420.44637469085865,2306
420.44637469085865,2307
420.44637469085865,2308
420.44637469085865,2309
420.44637469085865,2310
420.44637469085865,2311
420.44637469085865,2312
420.44637469085865,2313
420.44637469085865,2314
420.44637469085865,2315
420.44637469085865,2316
420.44637469085865,2317
420.44637469085865,2318
423.7376550929621,2319
423.7376550929621,2320
423.7376550929621,2321
423.7376550929621,2322
423.7376550929621,2323
423.7376550929621,2324
423.7376550929621,2325
423.7376550929621,2326
423.7376550929621,2327
423.7376550929621,2328
423.7376550929621,2329
423.7376550929621,2330
423.7376550929621,2331
423.7376550929621,2332
423.7376550929621,2333
423.7376550929621,2334
423.7376550929621,2335
423.7376550929621,2336
423.7376550929621,2337
423.7376550929621,2338
423.7376550929621,2339
423.7376550929621,2340
423.7376550929621,2341
423.7376550929621,2342
427.0321337438654,2343
427.0321337438654,2344
427.0321337438654,2345
427.0321337438654,2346
427.0321337438654,2347
427.0321337438654,2348
427.0321337438654,2349
427.0321337438654,2350
427.0321337438654,2351
427.0321337438654,2352
427.0321337438654,2353
427.0321337438654,2354
427.0321337438654,2355
427.0321337438654,2356
427.0321337438654,2357
427.0321337438654,2358
427.0321337438654,2359
427.0321337438654,2360
427.0321337438654,2361
427.0321337438654,2362
427.0321337438654,2363
427.0321337438654,2364
427.0321337438654,2365
427.0321337438654,2366
430.3319890489802,2367
430.3319890489802,2368
430.3319890489802,2369
430.3319890489802,2370
430.3319890489802,2371
430.3319890489802,2372
430.3319890489802,2373
430.3319890489802,2374
430.3319890489802,2375
430.3319890489802,2376
430.3319890489802,2377
430.3319890489802,2378
430.3319890489802,2379
430.3319890489802,2380
430.3319890489802,2381
430.3319890489802,2382
430.3319890489802,2383
430.3319890489802,2384
430.3319890489802,2385
430.3319890489802,2386
430.3319890489802,2387
430.3319890489802,2388
430.3319890489802,2389
430.3319890489802,2390
433.6333966960665,2391
433.6333966960665,2392
433.6333966960665,2393
433.6333966960665,2394
433.6333966960665,2395
433.6333966960665,2396
433.6333966960665,2397
433.6333966960665,2398
433.6333966960665,2399
433.6333966960665,2400
433.6333966960665,2401
433.6333966960665,2402
433.6333966960665,2403
433.6333966960665,2404
433.6333966960665,2405
433.6333966960665,2406
433.6333966960665,2407
433.6333966960665,2408
433.6333966960665,2409
433.6333966960665,2410
433.6333966960665,2411
433.6333966960665,2412
433.6333966960665,2413
433.6333966960665,2414
436.94515516399406,2415
436.94515516399406,2416
436.94515516399406,2417
436.94515516399406,2418
436.94515516399406,2419
436.94515516399406,2420
436.94515516399406,2421
436.94515516399406,2422
436.94515516399406,2423
436.94515516399406,2424
436.94515516399406,2425
436.94515516399406,2426
436.94515516399406,2427
436.94515516399406,2428
436.94515516399406,2429
436.94515516399406,2430
436.94515516399406,2431
436.94515516399406,2432
436.94515516399406,2433
436.94515516399406,2434
436.94515516399406,2435
436.94515516399406,2436
436.94515516399406,2437
436.94515516399406,2438
440.25732364994474,2439
440.25732364994474,2440
440.25732364994474,2441
440.25732364994474,2442
440.25732364994474,2443
440.25732364994474,2444
440.25732364994474,2445
440.25732364994474,2446
440.25732364994474,2447
440.25732364994474,2448
440.25732364994474,2449
440.25732364994474,2450
440.25732364994474,2451
440.25732364994474,2452
440.25732364994474,2453
440.25732364994474,2454
440.25732364994474,2455
440.25732364994474,2456
440.25732364994474,2457
440.25732364994474,2458
440.25732364994474,2459
440.25732364994474,2460
440.25732364994474,2461
440.25732364994474,2462
443.5684835650027,2463
443.5684835650027,2464
443.5684835650027,2465
443.5684835650027,2466
443.5684835650027,2467
443.5684835650027,2468
443.5684835650027,2469
443.5684835650027,2470
443.5684835650027,2471
443.5684835650027,2472
443.5684835650027,2473
443.5684835650027,2474
443.5684835650027,2475
443.5684835650027,2476
443.5684835650027,2477
443.5684835650027,2478
443.5684835650027,2479
443.5684835650027,2480
443.5684835650027,2481
443.5684835650027,2482
443.5684835650027,2483
443.5684835650027,2484
443.5684835650027,2485
443.5684835650027,2486
446.88055553496815,2487
446.88055553496815,2488
446.88055553496815,2489
446.88055553496815,2490
446.88055553496815,2491
446.88055553496815,2492
446.88055553496815,2493
446.88055553496815,2494
446.88055553496815,2495
446.88055553496815,2496
446.88055553496815,2497
446.88055553496815,2498
446.88055553496815,2499
446.88055553496815,2500
446.88055553496815,2501
446.88055553496815,2502
446.88055553496815,2503
446.88055553496815,2504
446.88055553496815,2505
446.88055553496815,2506
446.88055553496815,2507
446.88055553496815,2508
446.88055553496815,2509
446.88055553496815,2510
450.19972978904843,2511
450.19972978904843,2512
450.19972978904843,2513
450.19972978904843,2514
450.19972978904843,2515
450.19972978904843,2516
450.19972978904843,2517
450.19972978904843,2518
450.19972978904843,2519
450.19972978904843,2520
450.19972978904843,2521
450.19972978904843,2522
450.19972978904843,2523
450.19972978904843,2524
450.19972978904843,2525
450.19972978904843,2526
450.19972978904843,2527
450.19972978904843,2528
450.19972978904843,2529
450.19972978904843,2530
450.19972978904843,2531
450.19972978904843,2532
450.19972978904843,2533
450.19972978904843,2534
453.5231887958944,2535
453.5231887958944,2536
453.5231887958944,2537
453.5231887958944,2538
453.5231887958944,2539
453.5231887958944,2540
453.5231887958944,2541
453.5231887958944,2542
453.5231887958944,2543
453.5231887958944,2544
453.5231887958944,2545
453.5231887958944,2546
453.5231887958944,2547
453.5231887958944,2548
453.5231887958944,2549
453.5231887958944,2550
453.5231887958944,2551
453.5231887958944,2552
453.5231887958944,2553
453.5231887958944,2554
453.5231887958944,2555
453.5231887958944,2556
453.5231887958944,2557
453.5231887958944,2558
456.8449333179742,2559
456.8449333179742,2560
456.8449333179742,2561
456.8449333179742,2562
456.8449333179742,2563
456.8449333179742,2564
456.8449333179742,2565
456.8449333179742,2566
456.8449333179742,2567
456.8449333179742,2568
456.8449333179742,2569
456.8449333179742,2570
456.8449333179742,2571
456.8449333179742,2572
456.8449333179742,2573
456.8449333179742,2574
456.8449333179742,2575
456.8449333179742,2576
456.8449333179742,2577
456.8449333179742,2578
456.8449333179742,2579
456.8449333179742,2580
456.8449333179742,2581
456.8449333179742,2582
460.15487892203964,2583
460.15487892203964,2584
460.15487892203964,2585
460.15487892203964,2586
460.15487892203964,2587
460.15487892203964,2588
460.15487892203964,2589
460.15487892203964,2590
460.15487892203964,2591
460.15487892203964,2592
460.15487892203964,2593
460.15487892203964,2594
460.15487892203964,2595
460.15487892203964,2596
460.15487892203964,2597
460.15487892203964,2598
460.15487892203964,2599
460.15487892203964,2600
460.15487892203964,2601
460.15487892203964,2602
460.15487892203964,2603
460.15487892203964,2604
460.15487892203964,2605
460.15487892203964,2606
463.47424826491624,2607
463.47424826491624,2608
463.47424826491624,2609
463.47424826491624,2610
463.47424826491624,2611
463.47424826491624,2612
463.47424826491624,2613
463.47424826491624,2614
463.47424826491624,2615
463.47424826491624,2616
463.47424826491624,2617
463.47424826491624,2618
463.47424826491624,2619
463.47424826491624,2620
463.47424826491624,2621
463.47424826491624,2622
463.47424826491624,2623
463.47424826491624,2624
463.47424826491624,2625
463.47424826491624,2626
463.47424826491624,2627
463.47424826491624,2628
463.47424826491624,2629
463.47424826491624,2630
466.7874145049136,2631
466.7874145049136,2632
466.7874145049136,2633
466.7874145049136,2634
466.7874145049136,2635
466.7874145049136,2636
466.7874145049136,2637
466.7874145049136,2638
466.7874145049136,2639
466.7874145049136,2640
466.7874145049136,2641
466.7874145049136,2642
466.7874145049136,2643
466.7874145049136,2644
466.7874145049136,2645
466.7874145049136,2646
466.7874145049136,2647
466.7874145049136,2648
466.7874145049136,2649
466.7874145049136,2650
466.7874145049136,2651
466.7874145049136,2652
466.7874145049136,2653
466.7874145049136,2654
470.10280888085254,2655
470.10280888085254,2656
470.10280888085254,2657
470.10280888085254,2658
470.10280888085254,2659
470.10280888085254,2660
470.10280888085254,2661
470.10280888085254,2662
470.10280888085254,2663
470.10280888085254,2664
470.10280888085254,2665
470.10280888085254,2666
470.10280888085254,2667
470.10280888085254,2668
470.10280888085254,2669
470.10280888085254,2670
470.10280888085254,2671
470.10280888085254,2672
470.10280888085254,2673
470.10280888085254,2674
470.10280888085254,2675
470.10280888085254,2676
470.10280888085254,2677
470.10280888085254,2678
473.43052353686653,2679
473.43052353686653,2680
473.43052353686653,2681
473.43052353686653,2682
473.43052353686653,2683
473.43052353686653,2684
473.43052353686653,2685
473.43052353686653,2686
473.43052353686653,2687
473.43052353686653,2688
473.43052353686653,2689
473.43052353686653,2690
473.43052353686653,2691
473.43052353686653,2692
473.43052353686653,2693
473.43052353686653,2694
473.43052353686653,2695
473.43052353686653,2696
473.43052353686653,2697
473.43052353686653,2698
473.43052353686653,2699
473.43052353686653,2700
473.43052353686653,2701
473.43052353686653,2702
476.73759984900244,2703
476.73759984900244,2704
476.73759984900244,2705
476.73759984900244,2706
476.73759984900244,2707
476.73759984900244,2708
476.73759984900244,2709
476.73759984900244,2710
476.73759984900244,2711
476.73759984900244,2712
476.73759984900244,2713
476.73759984900244,2714
476.73759984900244,2715
476.73759984900244,2716
476.73759984900244,2717
476.73759984900244,2718
476.73759984900244,2719
476.73759984900244,2720
476.73759984900244,2721
476.73759984900244,2722
476.73759984900244,2723
476.73759984900244,2724
476.73759984900244,2725
476.73759984900244,2726
480.0432038549334,2727
480.0432038549334,2728
480.0432038549334,2729
480.0432038549334,2730
480.0432038549334,2731
480.0432038549334,2732
480.0432038549334,2733
480.0432038549334,2734
480.0432038549334,2735
480.0432038549334,2736
480.0432038549334,2737
480.0432038549334,2738
480.0432038549334,2739
480.0432038549334,2740
480.0432038549334,2741
480.0432038549334,2742
480.0432038549334,2743
480.0432038549334,2744
480.0432038549334,2745
480.0432038549334,2746
480.0432038549334,2747
480.0432038549334,2748
480.0432038549334,2749
480.0432038549334,2750
483.3522972019855,2751
483.3522972019855,2752
483.3522972019855,2753
483.3522972019855,2754
483.3522972019855,2755
483.3522972019855,2756
483.3522972019855,2757
483.3522972019855,2758
483.3522972019855,2759
483.3522972019855,2760
483.3522972019855,2761
483.3522972019855,2762
483.3522972019855,2763
483.3522972019855,2764
483.3522972019855,2765
483.3522972019855,2766
483.3522972019855,2767
483.3522972019855,2768
483.3522972019855,2769
483.3522972019855,2770
483.3522972019855,2771
483.3522972019855,2772
483.3522972019855,2773
483.3522972019855,2774
486.6506316498853,2775
486.6506316498853,2776
486.6506316498853,2777
486.6506316498853,2778
486.6506316498853,2779
486.6506316498853,2780
486.6506316498853,2781
486.6506316498853,2782
486.6506316498853,2783
486.6506316498853,2784
486.6506316498853,2785
486.6506316498853,2786
486.6506316498853,2787
486.6506316498853,2788
486.6506316498853,2789
486.6506316498853,2790
486.6506316498853,2791
486.6506316498853,2792
486.6506316498853,2793
486.6506316498853,2794
486.6506316498853,2795
486.6506316498853,2796
486.6506316498853,2797
486.6506316498853,2798
489.9682601268869,2799
489.9682601268869,2800
489.9682601268869,2801
489.9682601268869,2802
489.9682601268869,2803
489.9682601268869,2804
489.9682601268869,2805
489.9682601268869,2806
489.9682601268869,2807
489.9682601268869,2808
489.9682601268869,2809
489.9682601268869,2810
489.9682601268869,2811
489.9682601268869,2812
489.9682601268869,2813
489.9682601268869,2814
489.9682601268869,2815
489.9682601268869,2816
489.9682601268869,2817
489.9682601268869,2818
489.9682601268869,2819
489.9682601268869,2820
489.9682601268869,2821
489.9682601268869,2822
493.2662569968961,2823
493.2662569968961,2824
493.2662569968961,2825
493.2662569968961,2826
493.2662569968961,2827
493.2662569968961,2828
493.2662569968961,2829
493.2662569968961,2830
493.2662569968961,2831
493.2662569968961,2832
493.2662569968961,2833
493.2662569968961,2834
493.2662569968961,2835
493.2662569968961,2836
493.2662569968961,2837
493.2662569968961,2838
493.2662569968961,2839
493.2662569968961,2840
493.2662569968961,2841
493.2662569968961,2842
493.2662569968961,2843
493.2662569968961,2844
493.2662569968961,2845
493.2662569968961,2846
496.5713115138933,2847
496.5713115138933,2848
496.5713115138933,2849
496.5713115138933,2850
496.5713115138933,2851
496.5713115138933,2852
496.5713115138933,2853
496.5713115138933,2854
496.5713115138933,2855
496.5713115138933,2856
496.5713115138933,2857
496.5713115138933,2858
496.5713115138933,2859
496.5713115138933,2860
496.5713115138933,2861
496.5713115138933,2862
496.5713115138933,2863
496.5713115138933,2864
496.5713115138933,2865
496.5713115138933,2866
496.5713115138933,2867
496.5713115138933,2868
496.5713115138933,2869
496.5713115138933,2870
499.86999094998464,2871
499.86999094998464,2872
499.86999094998464,2873
499.86999094998464,2874
499.86999094998464,2875
499.86999094998464,2876
499.86999094998464,2877
499.86999094998464,2878
499.86999094998464,2879
499.86999094998464,2880
499.86999094998464,2881
499.86999094998464,2882
499.86999094998464,2883
499.86999094998464,2884
499.86999094998464,2885
499.86999094998464,2886
499.86999094998464,2887
499.86999094998464,2888
499.86999094998464,2889
499.86999094998464,2890
499.86999094998464,2891
499.86999094998464,2892
499.86999094998464,2893
499.86999094998464,2894
503.16751199099235,2895
503.16751199099235,2896
503.16751199099235,2897
503.16751199099235,2898
503.16751199099235,2899
503.16751199099235,2900
503.16751199099235,2901
503.16751199099235,2902
503.16751199099235,2903
503.16751199099235,2904
503.16751199099235,2905
503.16751199099235,2906
503.16751199099235,2907
503.16751199099235,2908
503.16751199099235,2909
503.16751199099235,2910
503.16751199099235,2911
503.16751199099235,2912
503.16751199099235,2913
503.16751199099235,2914
503.16751199099235,2915
503.16751199099235,2916
503.16751199099235,2917
503.16751199099235,2918
506.4983615439851,2919
506.4983615439851,2920
506.4983615439851,2921
506.4983615439851,2922
506.4983615439851,2923
506.4983615439851,2924
506.4983615439851,2925
506.4983615439851,2926
506.4983615439851,2927
506.4983615439851,2928
506.4983615439851,2929
506.4983615439851,2930
506.4983615439851,2931
506.4983615439851,2932
506.4983615439851,2933
506.4983615439851,2934
506.4983615439851,2935
506.4983615439851,2936
506.4983615439851,2937
506.4983615439851,2938
506.4983615439851,2939
506.4983615439851,2940
506.4983615439851,2941
506.4983615439851,2942
509.81832942087203,2943
509.81832942087203,2944
509.81832942087203,2945
509.81832942087203,2946
509.81832942087203,2947
509.81832942087203,2948
509.81832942087203,2949
509.81832942087203,2950
509.81832942087203,2951
509.81832942087203,2952
509.81832942087203,2953
509.81832942087203,2954
509.81832942087203,2955
509.81832942087203,2956
509.81832942087203,2957
509.81832942087203,2958
509.81832942087203,2959
509.81832942087203,2960
509.81832942087203,2961
509.81832942087203,2962
509.81832942087203,2963
509.81832942087203,2964
509.81832942087203,2965
509.81832942087203,2966
513.1048117780592,2967
513.1048117780592,2968
513.1048117780592,2969
513.1048117780592,2970
513.1048117780592,2971
513.1048117780592,2972
513.1048117780592,2973
513.1048117780592,2974
513.1048117780592,2975
513.1048117780592,2976
513.1048117780592,2977
513.1048117780592,2978
513.1048117780592,2979
513.1048117780592,2980
513.1048117780592,2981
513.1048117780592,2982
513.1048117780592,2983
513.1048117780592,2984
513.1048117780592,2985
513.1048117780592,2986
513.1048117780592,2987
513.1048117780592,2988
513.1048117780592,2989
513.1048117780592,2990
516.3902127810288,2991
516.3902127810288,2992
516.3902127810288,2993
516.3902127810288,2994
516.3902127810288,2995
516.3902127810288,2996
516.3902127810288,2997
516.3902127810288,2998
516.3902127810288,2999
516.3902127810288,3000
516.3902127810288,3001
516.3902127810288,3002
516.3902127810288,3003
516.3902127810288,3004
516.3902127810288,3005
516.3902127810288,3006
516.3902127810288,3007
516.3902127810288,3008
516.3902127810288,3009
516.3902127810288,3010
516.3902127810288,3011
516.3902127810288,3012
516.3902127810288,3013
516.3902127810288,3014
519.6902931979857,3015
519.6902931979857,3016
519.6902931979857,3017
519.6902931979857,3018
519.6902931979857,3019
519.6902931979857,3020
519.6902931979857,3021
519.6902931979857,3022
519.6902931979857,3023
519.6902931979857,3024
519.6902931979857,3025
519.6902931979857,3026
519.6902931979857,3027
519.6902931979857,3028
519.6902931979857,3029
519.6902931979857,3030
519.6902931979857,3031
519.6902931979857,3032
519.6902931979857,3033
519.6902931979857,3034
519.6902931979857,3035
519.6902931979857,3036
519.6902931979857,3037
519.6902931979857,3038
523.0025688349269,3039
523.0025688349269,3040
523.0025688349269,3041
523.0025688349269,3042
523.0025688349269,3043
523.0025688349269,3044
523.0025688349269,3045
523.0025688349269,3046
523.0025688349269,3047
523.0025688349269,3048
523.0025688349269,3049
523.0025688349269,3050
523.0025688349269,3051
523.0025688349269,3052
523.0025688349269,3053
523.0025688349269,3054
523.0025688349269,3055
523.0025688349269,3056
523.0025688349269,3057
523.0025688349269,3058
523.0025688349269,3059
523.0025688349269,3060
523.0025688349269,3061
523.0025688349269,3062
526.3099256949499,3063
526.3099256949499,3064
526.3099256949499,3065
526.3099256949499,3066
526.3099256949499,3067
526.3099256949499,3068
526.3099256949499,3069
526.3099256949499,3070
526.3099256949499,3071
526.3099256949499,3072
526.3099256949499,3073
526.3099256949499,3074
526.3099256949499,3075
526.3099256949499,3076
526.3099256949499,3077
526.3099256949499,3078
526.3099256949499,3079
526.3099256949499,3080
526.3099256949499,3081
526.3099256949499,3082
526.3099256949499,3083
526.3099256949499,3084
526.3099256949499,3085
526.3099256949499,3086
529.6104801208712,3087
529.6104801208712,3088
529.6104801208712,3089
529.6104801208712,3090
529.6104801208712,3091
529.6104801208712,3092
529.6104801208712,3093
529.6104801208712,3094
529.6104801208712,3095
529.6104801208712,3096
529.6104801208712,3097
529.6104801208712,3098
529.6104801208712,3099
529.6104801208712,3100
529.6104801208712,3101
529.6104801208712,3102
529.6104801208712,3103
529.6104801208712,3104
529.6104801208712,3105
529.6104801208712,3106
529.6104801208712,3107
529.6104801208712,3108
529.6104801208712,3109
529.6104801208712,3110
532.9197176429443,3111
532.9197176429443,3112
532.9197176429443,3113
532.9197176429443,3114
532.9197176429443,3115
532.9197176429443,3116
532.9197176429443,3117
532.9197176429443,3118
532.9197176429443,3119
532.9197176429443,3120
532.9197176429443,3121
532.9197176429443,3122
532.9197176429443,3123
532.9197176429443,3124
532.9197176429443,3125
532.9197176429443,3126
532.9197176429443,3127
532.9197176429443,3128
532.9197176429443,3129
532.9197176429443,3130
532.9197176429443,3131
532.9197176429443,3132
532.9197176429443,3133
532.9197176429443,3134
536.2250186610036,3135
536.2250186610036,3136
536.2250186610036,3137
536.2250186610036,3138
536.2250186610036,3139
536.2250186610036,3140
536.2250186610036,3141
536.2250186610036,3142
536.2250186610036,3143
536.2250186610036,3144
536.2250186610036,3145
536.2250186610036,3146
536.2250186610036,3147
536.2250186610036,3148
536.2250186610036,3149
536.2250186610036,3150
536.2250186610036,3151
536.2250186610036,3152
536.2250186610036,3153
536.2250186610036,3154
536.2250186610036,3155
536.2250186610036,3156
536.2250186610036,3157
536.2250186610036,3158
539.5335177350789,3159
539.5335177350789,3160
539.5335177350789,3161
539.5335177350789,3162
539.5335177350789,3163
539.5335177350789,3164
539.5335177350789,3165
539.5335177350789,3166
539.5335177350789,3167
539.5335177350789,3168
539.5335177350789,3169
539.5335177350789,3170
539.5335177350789,3171
539.5335177350789,3172
539.5335177350789,3173
539.5335177350789,3174
539.5335177350789,3175
539.5335177350789,3176
539.5335177350789,3177
539.5335177350789,3178
539.5335177350789,3179
539.5335177350789,3180
539.5335177350789,3181
539.5335177350789,3182
542.8488868689165,3183
542.8488868689165,3184
542.8488868689165,3185
542.8488868689165,3186
542.8488868689165,3187
542.8488868689165,3188
542.8488868689165,3189
542.8488868689165,3190
542.8488868689165,3191
542.8488868689165,3192
542.8488868689165,3193
542.8488868689165,3194
542.8488868689165,3195
542.8488868689165,3196
542.8488868689165,3197
542.8488868689165,3198
542.8488868689165,3199
542.8488868689165,3200
542.8488868689165,3201
542.8488868689165,3202
542.8488868689165,3203
542.8488868689165,3204
542.8488868689165,3205
542.8488868689165,3206
546.1626457409002,3207
546.1626457409002,3208
546.1626457409002,3209
546.1626457409002,3210
546.1626457409002,3211
546.1626457409002,3212
546.1626457409002,3213
546.1626457409002,3214
546.1626457409002,3215
546.1626457409002,3216
546.1626457409002,3217
546.1626457409002,3218
546.1626457409002,3219
546.1626457409002,3220
546.1626457409002,3221
546.1626457409002,3222
546.1626457409002,3223
546.1626457409002,3224
546.1626457409002,3225
546.1626457409002,3226
546.1626457409002,3227
546.1626457409002,3228
546.1626457409002,3229
546.1626457409002,3230
549.4845360559411,3231
549.4845360559411,3232
549.4845360559411,3233
549.4845360559411,3234
549.4845360559411,3235
549.4845360559411,3236
549.4845360559411,3237
549.4845360559411,3238
549.4845360559411,3239
549.4845360559411,3240
549.4845360559411,3241
549.4845360559411,3242
549.4845360559411,3243
549.4845360559411,3244
549.4845360559411,3245
549.4845360559411,3246
549.4845360559411,3247
549.4845360559411,3248
549.4845360559411,3249
549.4845360559411,3250
549.4845360559411,3251
549.4845360559411,3252
549.4845360559411,3253
549.4845360559411,3254
552.7470683429856,3255
552.7470683429856,3256
552.7470683429856,3257
552.7470683429856,3258
552.7470683429856,3259
552.7470683429856,3260
552.7470683429856,3261
552.7470683429856,3262
552.7470683429856,3263
552.7470683429856,3264
552.7470683429856,3265
552.7470683429856,3266
552.7470683429856,3267
552.7470683429856,3268
552.7470683429856,3269
552.7470683429856,3270
552.7470683429856,3271
552.7470683429856,3272
552.7470683429856,3273
552.7470683429856,3274
552.7470683429856,3275
552.7470683429856,3276
552.7470683429856,3277
552.7470683429856,3278
556.0061712239403,3279
556.0061712239403,3280
556.0061712239403,3281
556.0061712239403,3282
556.0061712239403,3283
556.0061712239403,3284
556.0061712239403,3285
556.0061712239403,3286
556.0061712239403,3287
556.0061712239403,3288
556.0061712239403,3289
556.0061712239403,3290
556.0061712239403,3291
556.0061712239403,3292
556.0061712239403,3293
556.0061712239403,3294
556.0061712239403,3295
556.0061712239403,3296
556.0061712239403,3297
556.0061712239403,3298
556.0061712239403,3299
556.0061712239403,3300
556.0061712239403,3301
556.0061712239403,3302
559.2508599499706,3303
559.2508599499706,3304
559.2508599499706,3305
559.2508599499706,3306
559.2508599499706,3307
559.2508599499706,3308
559.2508599499706,3309
559.2508599499706,3310
559.2508599499706,3311
559.2508599499706,3312
559.2508599499706,3313
559.2508599499706,3314
559.2508599499706,3315
559.2508599499706,3316
559.2508599499706,3317
559.2508599499706,3318
559.2508599499706,3319
559.2508599499706,3320
559.2508599499706,3321
559.2508599499706,3322
559.2508599499706,3323
559.2508599499706,3324
559.2508599499706,3325
559.2508599499706,3326
562.5134493280202,3327
562.5134493280202,3328
562.5134493280202,3329
562.5134493280202,3330
562.5134493280202,3331
562.5134493280202,3332
562.5134493280202,3333
562.5134493280202,3334
562.5134493280202,3335
562.5134493280202,3336
562.5134493280202,3337
562.5134493280202,3338
562.5134493280202,3339
562.5134493280202,3340
562.5134493280202,3341
562.5134493280202,3342
562.5134493280202,3343
562.5134493280202,3344
562.5134493280202,3345
562.5134493280202,3346
562.5134493280202,3347
562.5134493280202,3348
562.5134493280202,3349
562.5134493280202,3350
